1876543
234567
1654321
987654
567890
1345678
1789012
456789
1234567
890123
1567890
234561
1678901
345678
1901234
567812
1234590
789045
1456789
623456
1789056
345612
1901278
567834
1234556
789067
1456723
623490
1789089
345645
1901201
567867
1234589
789090
1456756
623423
1789012
345678
1901234
567890
1234523
789056
1456789
623456
1789023
345689
1901245
567801
1234534
789067
1456790
623467
1789034
345600
1901256
567812
1234545
789078
1456701
623478
1789045
345611
1901267
567823
1234556
789089
1456712
623489
1789056
345622
1901278
567834
1234567
789090
1456723
623490
1789067
345633
1901289
567845
1234578
789001
1456734
623401
1789078
345644
1901290
567856
1234589
789012
1456745
623412
1789089
345655
1901201
567867
1234590
789023
1456756
623423
1789090
345666
1901212
567878
1234501
789034
1456767
623434
1789001
345677
1901223
567889
1234512
789045
1456778
623445
1789012
345688
1901234
567890
1234523
789056
1456789
623456
1789023
345699
1901245
567801
1234534
789067
1456790
623467
1789034
345600
1901256
567812
1234545
789078
1456701
623478
1789045
345611
1901267
567823
1234556
789089
1456712
623489
1789056
345622
1901278
567834
1234567
789090
1456723
623490
1789067
345633
1901289
567845
1234578
789001
1456734
623401
1789078
345644
1901290
567856
1234589
789012
1456745
623412
1789089
345655
1901201
567867
1234590
789023
1456756
623423
1789090
345666
1901212
567878
1234501
789034
1456767
623434
1789001
345677
1901223
567889
1234512
789045
1456778
623445
1789012
345688
1901234
567890
1234523
789056
1456789
623456
1789023
345699
1901245
567801
1234534
789067
1456790
623467
1789034
345600
1901256
567812
1234545
789078
1456701
623478
1789045
345611
1901267
567823
1234556
789089
1456712
623489
1789056
345622
1901278
567834
1234567
789090
1456723
623490
1789067
345633
1901289
567845
1234578
789001
1456734
623401
1789078
345644
1901290
567856
1234589
789012
1456745
623412
1789089
345655
1901201
567867
1234590
789023
1456756
623423
1789090
345666
1901212
567878
1234501
789034
1456767
623434
1789001
345677
1901223
567889
1234512
789045
1456778
623445
1789012
345688
1901234
567890
1234523
789056
1456789
623456
1789023
345699
1901245
567801
1234534
789067
1456790
623467
1789034
345600
1901256
567812
1234545
789078
1456701
623478
1789045
345611
1901267
567823
1234556
789089
1456712
623489
1789056
345622
1901278
567834
1234567
789090
1456723
623490
1789067
345633
1901289
567845
1234578
789001
1456734
623401
1789078
345644
1901290
567856
1234589
789012
1456745
623412
1789089
345655
1901201
567867
1234590
789023
1456756
623423
1789090
345666
1901212
567878
1234501
789034
1456767
623434
1789001
345677
1901223
567889
1234512
789045
1456778
623445
1789012
345688
1901234
567890
1234523
789056
1456789
623456
1789023
345699
1901245
567801
1234534
789067
1456790
623467
1789034
345600
1901256
567812
1234545
789078
1456701
623478
1789045
345611
1901267
567823
1234556
789089
1456712
623489
1789056
345622
1901278
567834
1234567
789090
1456723
623490
1789067
345633
1901289
567845
1234578
789001
1456734
623401
1789078
345644
1901290
567856
1234589
789012
1456745
623412
1789089
345655
1901201
567867
1234590
789023
1456756
623423
1789090
345666
1901212
567878
1234501
789034
1456767
623434
1789001
345677
1901223
567889
1234512
789045
1456778
623445
1789012
345688
1901234
567890
1234523
789056
1456789
623456
1789023
345699
1901245
567801
1234534
789067
1456790
623467
1789034
345600
1901256
567812
1234545
789078
1456701
623478
1789045
345611
1901267
567823
1234556
789089
1456712
623489
1789056
345622
1901278
567834
1234567
789090
1456723
623490
1789067
345633
1901289
567845
1234578
789001
1456734
623401
1789078
345644
1901290
567856
1234589
789012
1456745
623412
1789089
345655
1901201
567867
1234590
789023
1456756
623423
1789090
345666
1901212
567878
1234501
789034
1456767
623434
1789001
345677
1901223
567889
1234512
789045
1456778
623445
1789012
345688
1901234
567890
1598765
1342867
1756432
1923456
1687543
1534698
1876234
1298765
1645329
1789456
1432876
1567890
1923547
1678432
1534865
1876529
1298743
1645876
1789234
1432597
1567432
1923876
1678594
1534267
1876753
1298456
1645389
1789567
1432864
1567895
1923468
1678325
1534976
1876542
1298637
1645728
1789394
1432856
1567439
1923785
1678462
1534897
1876356
1298574
1645863
1789428
1432967
1567584
1923639
1678547