1299
1300
1301
1302
1303
1304
1305
1307
1308
1309
1310
1311
1312
1314
1316
1317
1318
1319
1320
1321
1322
1326
1327
1331
1333
1335
1340
1341
1342
1344
1345
1347
1348
1350
1352
1353
1356
1357
1359
1360
1362
1363
1367
1370
1371
1373
1374
1375
1377
1378
1379
1380
1381
1382
1383
1384
1385
1386
1387
1388
1389
1390
1391
1392
1393
1394
1395
1396
1398
1399
1400
1401
1403
1404
1405
1407
1408
1409
1410
1411
1412
1413
1414
1415
1416
1417
1418
1419
1420
1421
1423
1425
1426
1427
1428
1430
1431
1432
1433
1434
1436
1439
1440
1441
1442
1443
1444
1445
1446
1448
1449
1450
1451
1452
1453
1454
1456
1457
1458
1459
1460
1461
1462
1463
1464
1465
1467
1468
1469
1470
1471
1472
1473
1474
1475
1477
1478
1479
1480
1481
1482
1483
1484
1485
1486
1487
1489
1490
1491
1492
1494
1495
1496
1497
1499
1500
1502
1503
1505
1507
1508
1509
1510
1512
1513
1514
1515
1518
1520
1521
1522
1523
1524
1525
1526
1527
1528
1532
1533
1535
1536
1537
1538
1539
1540
1541
1542
1543
1544
1545
1546
1547
1548
1549
1550
1551
1552
1553
1554
1555
1556
1557
1558
1559
1560
1561
1563
1564
1565
1566
1567
1568
1570
1571
1572
1573
1574
1575
1576
1577
1578
1579
1581
1583
1584
1585
1586
1587
1588
1589
1590
1591
1592
1593
1594
1595
1596
1597
1598
1599
1600
1601
1603
1605
1607
1608
1609
1610
1611
1612
1616
1618
1619
1620
1622
1623
1625
1626
1627
1628
1629
1631
1632
1634
1635
1637
1638
1639
1640
1641
1643
1644
1645
1646
1647
1648
1649
1650
1651
1652
1653
1654
1655
1656
1657
1659
1661
1662
1663
1664
1665
1666
1667
1668
1669
1670
1671
1673
1674
1676
1677
1679
1680
1681
1682
1683
1684
1685
