0692
0694
0695
0696
0700
0702
0707
0708
0709
0710
0712
0717
0719
0720
0722
0723
0724
0731
0732
0733
0734
0739
0742
0744
0745
0747
0753
0757
0758
0761
0762
0764
0767
0769
0770
0772
0776
0777
0780
0782
0783
0784
0786
0787
0789
0790
0791
0793
0795
0796
0797
0798
0799
0800
0802
0803
0804
0807
0808
0810
0811
0812
0814
0816
0818
0819
0820
0821
0824
0825
0826
0827
0828
0829
0831
0832
0833
0834
0836
0839
0840
0841
0842
0844
0845
0847
0849
0864
0865
0868
0870
0873
0880
0882
0889
0891
0895
0897
0898
0899
0902
0904
0905
0907
0911
0912
0914
0915
0920
0921
0922
0928
0931
0936
0937
0939
0945
0948
0961
0962
0963
0964
0965
0966
0967
0968
0969
0973
0976
0977
0978
0981
0982
0983
0985
0986
0990
0992
1000
1001
1002
1003
1007
1014
1016
1018
1019
1025
1026
1028
1029
1031
1032
1039
1044
1045
1046
1052
1053
1054
1055
1057
1058
1061
1062
1064
1065
1066
1068
1069
1075
1076
1079
1081
1088
1090
1091
1101
1105
1106
1107
1108
1110
1111
1112
1113
1116
1118
1121
1122
1123
1125
1126
1127
1128
1129
1130
1131
1132
1133
1134
1135
1136
1137
1138
1140
1142
1146
1147
1148
1149
1150
1151
1152
1153
1154
1155
1156
1157
1158
1159
1161
1162
1163
1164
1165
1167
1168
1169
1170
1171
1172
1174
1176
1177
1178
1179
1180
1182
1185
1187
1188
1189
1192
1193
1194
1195
1196
1201
1202
1203
1206
1207
1208
1209
1210
1212
1213
1214
1215
1216
1218
1220
1221
1223
1224
1226
1227
1232
1233
1234
1235
1236
1237
1238
1239
1240
1241
1242
1243
1244
1247
1248
1250
1251
1253
1254
1256
1259
1260
1262
1263
1264
1265
1267
1268
1271
1277
1278
1280
1281
1282
1283
1284
1287
1293
1294
1298
