0005
0011
0012
0013
0032
0036
0038
0040
0042
0045
0046
0048
0054
0055
0056
0057
0062
0069
0071
0073
0079
0080
0081
0082
0085
0086
0087
0089
0096
0097
0102
0103
0108
0111
0114
0117
0118
0120
0121
0122
0126
0127
0130
0131
0135
0137
0139
0140
0144
0151
0156
0157
0159
0163
0165
0167
0168
0169
0170
0175
0179
0180
0181
0184
0185
0187
0193
0194
0198
0199
0200
0201
0202
0211
0212
0214
0219
0225
0227
0228
0230
0231
0232
0233
0235
0236
0237
0239
0242
0244
0245
0246
0247
0248
0249
0250
0253
0255
0256
0260
0262
0263
0271
0272
0273
0278
0280
0281
0282
0283
0284
0285
0286
0289
0295
0296
0301
0302
0306
0307
0310
0312
0314
0316
0317
0318
0320
0321
0322
0326
0327
0328
0329
0335
0336
0338
0343
0345
0346
0347
0349
0351
0354
0357
0358
0359
0364
0367
0368
0369
0373
0378
0381
0382
0384
0396
0397
0398
0399
0400
0406
0407
0408
0409
0411
0412
0414
0415
0416
0418
0419
0420
0421
0422
0424
0425
0427
0428
0429
0430
0432
0435
0436
0437
0438
0439
0441
0442
0443
0446
0448
0449
0450
0453
0455
0456
0460
0461
0462
0465
0470
0471
0472
0473
0474
0475
0477
0478
0480
0481
0482
0484
0490
0492
0493
0494
0495
0496
0497
0498
0500
0502
0504
0505
0506
0507
0508
0511
0515
0516
0519
0520
0521
0522
0523
0527
0528
0529
0530
0532
0534
0535
0537
0538
0540
0541
0543
0544
0545
0548
0549
0550
0552
0555
0556
0558
0559
0562
0563
0564
0565
0567
0569
0570
0574
0575
0576
0577
0578
0595
0596
0599
0603
0610
0612
0618
0621
0626
0629
0630
0631
0634
0635
0638
0639
0642
0644
0646
0649
0652
0654
0655
0656
0658
0661
0662
0671
0672
0673
0675
0676
0677
0678
0679
0681
0682
0684
0691
