0005
0011
0012
0013
0032
0036
0038
0040
0042
0045
0046
0048
0054
0055
0056
0057
0062
0069
0071
0073
0079
0080
0081
0082
0085
0086
0087
0089
0096
0097
0102
0103
0108
0111
0114
0117
0118
0120
0121
0122
0126
0127
0130
0131
0135
0137
0139
0140
0144
0151
0156
0157
0159
0163
0165
0167
0168
0169
0170
0175
0179
0180
0181
0184
0185
0187
0193
0194
0198
0199
0200
0201
0202
0211
0212
0214
0219
0225
0227
0228
0230
0231
0232
0233
0235
0236
0237
0239
0242
0244
0245
0246
0247
0248
0249
0250
0253
0255
0256
0260
0262
0263
0271
0272
0273
0278
0280
0281
0282
0283
0284
0285
0286
0289
0295
0296
0301
0302
0306
0307
0310
0312
0314
0316
0317
0318
0320
0321 
0322
0326
0327
0328
0329
0335
0336
0338
0343
0345
0346
0347
0349
0351
0354
0357
0358
0359
0364
0367
0368
0369
0373
0378
0381
0382
0384
0396
0397
0398
0399
0400
0406
0407
0408
0409
0411
0412
0414
0415
0416
0418
0419
0420
0421
0422
0424
0425
0427
0428
0429
0430
0432
0435
0436
0437
0438
0439
0441
0442
0443
0446
0448
0449
0450
0453
0455
0456
0460
0461
0462
0465
0470
0471
0472
0473
0474
0475
0477
0478
0480
0481
0482
0484
0490
0492
0493
0494
0495
0496
0497
0498
0500
0502
0504
0505
0506
0507
0508
0511
0515
0516
0519
0520
0521
0522
0523
0527
0528
0529
0530
0532
0534
0535
0537
0538
0540
0541
0543
0544
0545
0548
0549
0550
0552
0555
0556
0558
0559
0562
0563
0564
0565
0567
0569
0570
0574
0575
0576
0577
0578
0595
0596
0599
0603
0610
0612
0618
0621
0626
0629
0630
0631
0634
0635
0638
0639
0642
0644
0646
0649
0652
0654
0655
0656
0658
0661
0662
0671
0672
0673
0675
0676
0677
0678
0679 
0681
0682
0684
0691
0692
0694
0695
0696
0700
0702
0707
0708
0709
0710
0712
0717
0719
0720
0722
0723
0724
0731
0732
0733
0734
0739
0742
0744
0745
0747
0753
0757
0758
0761
0762
0764
0767
0769
0770
0772
0776
0777
0780
0782
0783
0784
0786
0787
0789
0790
0791
0793
0795
0796
0797
0798
0799
0800
0802
0803
0804
0807
0808
0810
0811
0812
0814
0816
0818
0819
0820
0821
0824
0825
0826
0827
0828
0829
0831
0832
0833
0834
0836
0839
0840
0841
0842
0844
0845
0847
0849
0864
0865
0868
0870
0873
0880
0882
0889
0891
0895
0897
0898
0899
0902
0904
0905
0907
0911
0912
0914
0915
0920
0921
0922
0928
0931
0936
0937
0939
0945
0948
0961
0962
0963
0964
0965
0966
0967
0968
0969
0973
0976
0977
0978
0981
0982
0983
0985
0986
0990
0992
1000
1001
1002
1003
1007
1014
1016
1018
1019
1025
1026
1028
1029
1031
1032
1039
1044
1045
1046
1052
1053
1054
1055
1057
1058
1061
1062
1064
1065
1066
1068
1069
1075
1076
1079
1081
1088
1090
1091
1101
1105
1106
1107
1108
1110
1111
1112
1113
1116
1118
1121
1122
1123
1125
1126
1127
1128
1129
1130
1131
1132
1133
1134
1135
1136
1137
1138
1140
1142
1146
1147
1148
1149
1150
1151
1152
1153
1154
1155
1156
1157
1158
1159
1161
1162
1163
1164
1165
1167
1168
1169
1170
1171
1172
1174
1176
1177
1178
1179
1180
1182
1185
1187
1188
1189
1192
1193
1194
1195
1196
1201
1202
1203
1206
1207
1208
1209
1210
1212
1213
1214
1215
1216
1218
1220
1221
1223
1224
1226
1227
1232
1233
1234
1235
1236
1237
1238
1239
1240
1241
1242
1243
1244
1247
1248
1250
1251
1253
1254
1256
1259
1260
1262
1263
1264
1265
1267
1268
1271
1277
1278
1280
1281
1282
1283
1284
1287
1293
1294
1298
1299
1300
1301
1302
1303
1304
1305
1307
1308
1309
1310
1311
1312
1314
1316
1317
1318
1319
1320
1321
1322
1326
1327
1331
1333
1335
1340
1341
1342
1344
1345
1347
1348
1350
1352
1353
1356
1357
1359
1360
1362
1363
1367
1370
1371
1373
1374
1375
1377
1378
1379
1380
1381
1382
1383
1384
1385
1386
1387
1388
1389
1390
1391
1392
1393
1394
1395
1396
1398
1399
1400
1401
1403
1404
1405
1407
1408
1409
1410
1411
1412
1413
1414
1415
1416
1417
1418
1419
1420
1421
1423
1425
1426
1427
1428
1430
1431
1432
1433
1434
1436
1439
1440
1441
1442
1443
1444
1445
1446
1448
1449
1450
1451
1452
1453
1454
1456
1457
1458
1459
1460
1461
1462
1463
1464
1465
1467
1468
1469
1470
1471
1472
1473
1474
1475
1477
1478
1479
1480
1481
1482
1483
1484
1485
1486
1487
1489
1490
1491
1492
1494
1495
1496
1497
1499
1500
1502
1503
1505
1507
1508
1509
1510
1512
1513
1514
1515
1518
1520
1521
1522
1523
1524
1525
1526
1527
1528
1532
1533
1535
1536
1537
1538
1539
1540
1541
1542
1543
1544
1545
1546
1547
1548
1549
1550
1551
1552
1553
1554
1555
1556
1557
1558
1559
1560
1561
1563
1564
1565
1566
1567
1568
1570
1571
1572
1573
1574
1575
1576
1577
1578
1579
1581
1583
1584
1585
1586
1587
1588
1589
1590
1591
1592
1593
1594
1595
1596
1597
1598
1599
1600
1601
1603
1605
1607
1608
1609
1610
1611
1612
1616
1618
1619
1620
1622
1623
1625
1626
1627
1628
1629
1631
1632
1634
1635
1637
1638
1639
1640
1641
1643
1644
1645
1646
1647
1648
1649
1650
1651
1652
1653
1654
1655
1656
1657
1659
1661
1662
1663
1664
1665
1666
1667
1668
1669
1670
1671
1673
1674
1676
1677
1679
1680
1681
1682
1683
1684
1685
1686
1687
1688
1689
1690
1691
1692
1693
1694
1695
1696
1697
1698
1699
1700
1701
1702
1703
1704
1705
1706
1707
1708
1709
1710
1711
1712
1713
1714
1715
1716
1717
1718
1719
1720
1721
1723
1724
1725
1726
1727
1728
1729
1730
1731
1732
1734
1735
1736
1737
1738
1739
1740
1741
1742
1743
1744
1745
1746
1747
1748
1749
1750
1751
1753
1754
1756
1757
1758
1759
1760
1761
1762
1763
1764
1765
1766
1767
1768
1769
1770
1771
1772
1773
1774
1775
1776
1777
1778
1779
1781
1782
1783
1784
1785
1786
1787
1788
1789
1790
1791
1792
1793
1794
1795
1796
1797
1798
1799
1800
1801
1802
1803
1804
1805
1806
1807
1808
1809
1810
1811
1812
1813
1814
1815
1817
1818
1820
1821
1822
1823
1824
1825
1827
1828
1829
1830
1832
1833
1835
1836
1837
1838
1839
1840
1841
1842
1845
1846
1847
1848
1849
1850
1851
1852
1853
1854
1855
1856
1857
1858
1860
1861
1862
1863
1865
1866
1867
1868
1869
1870
1871
1872
1874
1876
1877
1878
1879
1880
1881
1882
1883
1884
1886
1887
1888
1889
1890
1891
1892
1893
1894
1895
1897
1898
1899
1901
1902
1903
1904
1905
1906
1907
1908
1909
1910
1911
1912
1913
1914
1915
1916
1917
1918
1919
1920
1921
1922
1923
1924
1925
1926
1927
1928
1929
1930
1931
1932
1933
1934
1935
1936
1937
1938
1939
1940
1941
1942
1943
1944
1945
1946
1947
1948
1949
1950
1951
1952
1953
1954
1955
1956
1957
1958
1959
1960
1961
1962
1963
1964
1965
1966
1968
1969
1970
1971
1972
1973
1974
1975
1976
1977
1978
1979
1980
1982
1983
1984
1985
1986
1987
1988
1989
1990
1991
1992
1993
1994
1995
1998
1999
2000
2001
2002
2003
2004
2005
2006
2007
2008
2009
2010
2011
2012
2013
2014
2015
2016
2017
2020
2021
2022
2023
2024
2025
2026
2027
2028
2029
2030
2031
2032
2033
2034
2035
2036
2037
2038
2039
2040
2041
2042
2043
2044
2045
2046
2047
2048
2049
2052
2053
2055
2056
2057
2058
2059
2060
2061
2063
2064
2065
2066
2067
2068
2069
2070
2071
2072
2073
2074
2075
2076
2077
2078
2079
2080
2081
2082
2083
2084
2086
2087
2089
2090
2091
2092
2093
2094
2095
2096
2097
2098
2099
2100
2101
2102
2103
2104
2105
2106
2107
2108
2109
2110
2112
2113
2114
2115
2116
2117
2118
2119
2120
2121
2122
2123
2124
2125
2126
2127
2128
2129
2130
2131
2132
2134
2135
2137
2138
2139
2140
2141
2142
2143
2144
2145
2146
2147
2148
2149
2150
2151
2152
2153
2154
2155
2156
2157
2158
2159
2160
2161
2162
2163
2164
2165
2166
2167
2168
2169
2170
2171
2172
2173
2174
2175
2176
2177
2178
2179
2180
2182
2183
2184
2185
2186
2187
2188
2189
2190
2191
2192
2193
2194
2195
2196
2197
2199
2200
2201
2202
2203
2204
2205
2206
2207
2208
2209
2210
2211
2212
2213
2214
2215
2216
2217
2218
2219
2220
2221
2222
2223
2224
2225
2226
2227
2228
2229
2230
2231
2232
2233
2234
2235
2236
2237
2238
2239
2240
2241
2242
2243
2244
2245
2246
2247
2248
2249
2250
2251
2253
2254
2257
2258
2259
2260
2261
2262
2263
2264
2265
2266
2267
2268
2269
2270
2272
2273
2274
2275
2276
2277
2278
2280
2281
2282
2283
2284
2285
2286
2287
2288
2289
2290
2291
2292
2293
2294
2295
2296
2297
2298
2299
2300
2301
2302
2303
2304
2305
2306
2307
2308
2309
2310
2311
2312
2313
2314
2316
2317
2318
2319
2320
2321
2322
2323
2324
2325
2326
2327
2328
2329
2330
2331
2332
2333
2334
2335
2337
2338
2339
2340
2341
2342
2343
2344
2345
2346
2347
2348
2349
2350
2351
2352
2353
2354
2355
2356
2357
2358
2359
2360
2361
2362
2363
2364
2365
2366
2367
2368
2369
2370
2371
2372
2373
2374
2375
2376
2377
2378
2379
2380
2381
2382
2383
2385
2386
2387
2388
2389
2390
2391
2392
2393
2394
2395
2396
2398
2399
2400
2401
2402
2403
2404
2405
2406
2407
2408
2409
2410
2411
2412
2413
2414
2415
2416
2417
2418
2419
2420
2421
2422
2423
2425
2426
2427
2428
2429
2430
2431
2432
2433
2434
2435
2436
2437
2438
2439
2440
2441
2442
2444
2445
2446
2447
2448
2449
2450
2451
2453
2454
2455
2456
2457
2458
2459
2460
2461
2462
2463
2464
2465
2466
2467
2468
2469
2470
2471
2472
2473
2474
2475
2476
2477
2478
2479
2480
2481
2482
2483
2484
2485
2486
2487
2488
2489
2490
2491
2492
2493
2494
2495
2496
2497
2498
2499
2500
2501
2502
2503
2504
2505
2506
2507
2508
2509
2510
2511
2512
2513
2514
2515
2516
2517
2518
2519
2520
2521
2522
2523
2524
2525
2526
2527
2528
2529
2530
2531
2532
2533
2534
2535
2536
2537
2538
2539
2540
2541
2542
2543
2544
2545
2546
2547
2548
2549
2550
2551
2552
2553
2554
2555
2556
2557
2558
2559
2560
2561
2562
2563
2564
2565
2566
2567
2568
2569
2570
2571
2572
2573
2574
2575
2576
2577
2578
2579
2580
2581
2582
2583
2584
2585
2586
2587
2588
2589
2590
2591
2593
2594
2595
2596
2597
2598
2599
2600
2602
2604
2605
2606
2607
2608
2609
2610
2611
2612
2613
2614
2615
2616
2617
2618
2619
2620
2621
2623
2624
2625
2626
2627
2628
2630
2631
2632
2633
2634
2635
2636
2637
2638
2639
2640
2641
2642
1752
2643
2644
2645
2646
2647
2648
2649
2650
2651
2652
2653
2654
2655
2656
2657
2658
2659
2660
2661
2662